每个城市中一个阵营只可能有不超过1个knight

10分钟时knight前进，command没有knight，之后50分钟内不考虑command的knight

*knight[3]={white_NULL,red_knight,blue_knight}

如果某武士在某城市的战斗中杀死了敌人，则该武士的司令部立即取得该城市中所有的生命元。注意，司令部总是先完成全部奖励工作，然后才开始从各个打了胜仗的城市回收生命元。对于因司令部生命元不足而领不到奖励的武士，司令部也不会在取得战利品生命元后为其补发奖励。

if(minute==40&&life!=0&&只有一方knight在该city)get_life();

1
20 1 10 10 1000
20 20 30 10 20
5 5 5 5 5

lion、dragon、ninja、iceman、wolf
1
20 3 10 10 1000
10 10 10 10 10
5 5 5 5 5

1
20 10 20 30 10000
10 10 5 10 5
5 5 5 4 5


1
50 10 40 30 10000
10 23 5 4 9
5 9 5 4 5

1
5 6 7 8 10000
1 2 3 4 5
2 3 4 5 6

2
5 6 7 8 10000
3 30 20 1 2
1 9 8 5 1

42 8 15 1 4169
5725 9359 4465 8146 6828
1479 6963 5706 3282 9962
492 16 3 8 436
2392 3903 293 7422 9719
4605 154 2383 8717 9896
5448 7 12 9 1869
9913 6300 9895 3812 334
5668 7036 8704 1323 7674
4665 2 12 4 1868
5548 2663 38 8724 7530
7645 2758 2860 9742 779
2317 16 11 3 288
107 8943 2649 3806 6730
9041 9265 7447 5891 4371
5351 7 2 4 3548
9630 4085 8757 4967 3932
2624 9955 1841 7377 6309
6945 20 7 4 537
1539 2083 6542 1116 9659
6119 2930 4834 4640 2705
9931 18 7 4 2386
5022 6925 6271 6778 5098
8746 9073 5830 5574 6513
3987 11 2 7 2355
4768 5575 2053 1151 1725
3656 4032 7351 6942 3967
3431 8 12 8 1337
5458 7754 4946 2210 4222
2288 384 8910 9759 8589
6423 7 7 1 1413
9169 2592 1656 6360 538
901 8763 7411 7625 1549
6484 16 2 3 4350
292 9375 4597 7349 9669
837 1021 4022 3200 4485
8282 15 14 10 1418
7939 3789 468 4894 2484
6901 8128 3729 4649 7808
2422 11 18 4 4514
4310 8936 601 6520 2799
7617 7452 5250 1557 304
6225 9 5 10 4989
2703 486 4344 1588 9504
3196 3094 524 9315 7449
5201 19 19 1 4796
4799 9590 8010 473 8539
5282 799 7158 3623 2293
6039 20 11 8 2958
6192 2889 1512 2635 56
9816 9157 6203 4273 329
2647 3 7 6 3433
9870 3845 1882 323 22
143 1417 1999 8652 5700
3558 17 13 10 75
713 2511 6870 4689 9790
2601 1004 7862 3402 5256
6424 3 6 3 285
7089 8618 9833 4170 5722
1427 3758 933 2155 7190
9977 10 9 3 1425
556 6550 9513 8061 3754
3435 7442 146 1719 6140
2424 20 17 8 2529
2550 9867 194 3298 8287
7438 2950 3196 417 6106
4489 3 16 5 3114
1702 672 2264 4356 54
1317 5787 4314 1186 913
809 13 6 4 2756
8322 3647 482 3197 7130
9559 7983 4145 223 2162
5536 11 14 7 2044
1660 6440 25 9511 650
6293 7254 6155 4746 3187
8314 15 3 9 4018
8788 7959 203 6478 9315
9906 7392 3626 4415 5825
9335 15 13 10 1833
8071 8298 8178 2271 2669
7488 7519 7774 1764 7193
3986 3 1 4 2627
4803 528 1544 1024 3062
4100 2626 1925 9973 4182
1004 13 6 4 2725
3032 143 1287 7901 8361
8493 7223 3065 9188 2414
975 11 11 6 833
9712 8897 7286 141 2696
5761 4668 2551 3695 1625
8020 6 17 5 2658
6303 2467 2594 5485 8465
7372 4679 3852 1019 1120
3153 1 8 1 1926
9011 2171 9577 2044 7165
4758 316 228 2759 5110
7883 7 6 8 4577
4475 5628 1929 8521 4963
2626 5630 5424 6903 124
4597 18 2 6 2525
1265 6203 5031 9012 6412
8261 8117 327 772 5548
1154 1 11 5 188
1764 852 3830 7714 7579
4941 8663 901 8959 8366
3008 18 1 9 1439
2304 9358 6478 1114 9802
2761 2325 5109 4888 2851
4461 9 14 5 4405
6541 8705 2357 9351 4486
1112 2836 6073 8824 557
3217 7 18 7 3357
9338 3870 2897 9618 2718
3272 9362 3023 113 8697
1586 2 4 10 4229
4566 8933 9856 6963 9735
6560 2297 2054 3585 6655
6973 18 10 3 2963
2608 912 68 4676 2224
2484 1636 2849 2939 2143
3755 12 2 6 1459
7826 7871 1935 1784 7399
3222 1627 5206 3851 2280
2702 14 15 8 1534
5557 177 6963 5882 4414
1994 5706 549 301 6642
9856 16 3 3 2611
878 2679 8444 2674 9314
425 1753 8297 41 876
73 19 11 8 4932
8113 3170 41 8686 9498
696 3832 6489 9091 2590
5991 6 14 5 3651
6741 1259 8760 7606 2182
2045 336 1193 5265 8504
3830 16 9 3 997
7550 5562 6468 6130 7814
9557 1628 9542 1241 9175
602 18 16 4 3213
3993 5602 5760 6429 4085
5825 3393 2671 8028 76
8787 19 11 8 3847
2605 1222 5707 9011 7490
504 2664 2364 2172 8241
2165 3 20 4 2591
6705 9233 5206 1540 1423
1819 751 4976 304 1099
1248 5 9 2 2864
2914 1546 7547 1770 8520
1076 8713 8679 5263 3986
8290 5 6 1 3245
5509 7871 8324 4473 5088
8319 9602 1133 7153 8571
9764 2 4 4 3527
1601 4016 29 5348 2944
6970 5566 1544 2089 2638
2410 4 10 2 1588
1343 2061 1759 889 691
609 1222 9955 4147 7950
2844 11 1 9 2067
4537 8036 5186 9854 1225
784 2227 7039 5630 5749
9924 20 18 7 4944
4956 2727 1026 1002 9497
3319 5412 356 2550 8585
9516 5 3 6 2913
6143 1949 427 6174 2405
1197 5073 4607 4430 6706
627 13 16 4 1565
6037 9142 5995 6653 839
4737 815 8257 3937 483
1356 16 12 1 2841
4626 2638 9691 5663 894
2012 4187 1651 1635 354
1417 13 9 3 2233
5455 6635 4257 1125 4214
6304 6304 149 2318 7110
4029 1 1 9 1858
4051 1362 1904 9644 4903
4156 5265 3677 6910 3562
8490 9 3 4 674
2221 6924 9370 260 2620
5403 3832 3879 9009 3972
4 6 2 5 2392
2686 6699 2723 9038 1462
5314 5590 5939 6411 6235
2509 2 20 4 1515
5270 8870 4701 6265 6216
4938 59 3972 5118 4556
7816 11 20 3 4288
8083 6086 4485 8381 5952
1955 711 4775 9816 6542
8116 20 11 9 3073
789 8133 8690 9 5791
3978 9957 6114 2942 1724
1364 9 5 9 2200
5072 1975 1334 6154 2169
1886 1072 2868 4296 826
9677 10 11 9 3309
4694 81 2250 1529 7865
4687 117 6668 6680 9422
8406 7 17 7 2726
8667 7682 1341 6022 4722
9088 9965 5687 1663 6065
9310 16 3 4 2124
3942 1763 7532 2269 5603
2746 8424 4807 9319 1908
4308 2 13 7 1630
4115 4085 2291 9997 1055
6810 3557 1294 9153 5346
4709 9 12 3 131
115 7959 9705 1053 7480
6440 4723 6996 5270 8239
6424 19 7 10 2498
8487 7463 2159 1147 3038
1197 6634 2023 8393 3926
648 19 3 8 4098
7831 4601 800 449 541
9293 7279 8353 3883 8316
4576 3 8 7 3397
1419 5829 6817 4450 659
9898 3852 4231 6926 230
4521 1 1 8 162
1656 793 1755 3147 6947
676 2362 6399 8715 1189
9570 19 4 6 4515
1522 5616 3235 906 9558
476 529 2571 9465 8963
4162 5 10 10 330
1924 4334 911 6337 1279
8351 2926 9738 8338 2394
7637 15 5 2 4949
9136 3338 6338 8665 5609
2506 5 2624 9971 569
9282 6 13 4 3652
8195 3827 7573 4641 8820
9877 8397 6250 9175 944
2612 2 10 10 565
3806 6217 1616 1065 6894
7586 1451 2610 9167 6075
3510 1 16 4 589
3162 7969 6032 9427 423
1173 7359 6269 8511 775
8780 11 13 3 391
5496 875 4903 4461 6973
5765 1365 8256 475 6822
6123 8 18 10 605
196 7951 755 1013 3440
7595 6344 2482 1673 3429
5913 3 8 9 4415
1909 1760 5205 4320 5946
7224 6435 9487 959 6807
8167 1 8 3 1787
8533 975 5022 6223 2377
557 3448 8284 9332 8584
6949 4 3 9 4776
9221 2183 9491 4325 9678
1112 3857 8926 6487 5970
1644 15 18 9 1068
1992 7784 7728 5872 7613
2197 6829 9427 698 8704
1028 9 6 9 2185
239 6444 2502 5129 3651
4238 1314 8851 2112 8150
1193 15 10 2 2465
268 9794 5473 2831 8443
7714 8635 973 4902 5178
3878 11 3 5 1381
6591 2238 2180 170 2043
8824 8024 6596 2328 1311
8183 19 7 8 1670
2529 2259 9861 1287 8611
5652 7214 5784 2743 4473
7129 15 2 9 3503
4868 939 9258 8615 8459
4866 1882 2751 8599 2662
6064 17 8 9 4489
9436 2076 1387 8361 6049
6366 7587 7834 3331 8929
9493 14 1 7 1735
9811 1838 1983 9353 1245
1600 1893 7329 1370 1795
6609 13 8 3 4535
7209 3498 7650 6842 6101
3265 3244 2016 190 9813
649 4 12 5 3633
9892 9855 5698 7781 2932
7201 9991 4920 2579 2545
3341 8 20 6 3483
5539 6194 5012 5835 1498
7493 8253 1561 1841 2786
8530 1 6 2 3392
3211 1579 972 74 1621
3550 6980 9278 194 1498
3827 17 11 3 3578
1160 6490 3450 9073 7009
419 160 2925 381 7968
209 18 4 1 2607
4197 3723 9020 1057 1164
2075 2612 8762 2891 6684
